2   734   1   8   1
1   813   2   3   1
1   983   1   1   2
1   943   2   3   1
0   323   2
1   946   1   4   3
1   849   2   7   2
0   392   2
0   248   2
0   306   3
2   605   2   1   1
1   930   1   3   2
2   685   2   3   3
2   794   1   8   2
1   807   2   10   3
2   759   2   2   1
0   289   3
1   818   1   5   1
1   987   1   8   2
1   862   2   5   1
0   393   1
1   810   2   9   1
1   941   2   5   1
2   705   1   9   2
2   676   3   3   1
1   963   2   1   3
1   885   3   10   2
0   316   2
0   200   2
2   712   2   8   2
2   687   1   6   3
0   273   3
2   634   1   9   1
0   344   1
0   267   2
2   634   1   3   1
0   260   2
0   394   1
0   332   3
0   391   2
0   395   3
0   392   3
0   263   2
1   996   3   7   2
1   913   3   5   2
2   697   2   9   1
0   229   1
2   698   3   10   1
2   612   1   2   1
2   756   2   3   1
0   386   2
2   764   1   2   2
1   873   1   6   2
2   782   1   2   1
0   294   1
0   250   2
0   220   3
1   832   2   10   1
1   800   3   2   1
2   660   1   9   1
1   862   2   6   3
1   842   1   6   2
0   305   1
1   883   2   8   2
0   378   2
2   769   3   7   2
0   267   1
2   663   1   1   1
2   687   2   3   2
2   781   3   3   3
1   941   1   8   1
0   300   3
2   798   3   9   1
0   224   2
0   217   2
0   377   1
1   891   2   10   3
2   702   1   5   1
0   201   2
1   913   2   9   1
2   765   1   7   3
2   612   3   1   2
1   947   2   4   2
2   726   2   1   3
2   626   2   3   3
0   335   1
1   821   3   4   1
0   271   2
1   986   2   6   1
0   208   1
1   912   3   6   3
2   770   1   6   2
2   639   3   3   3
1   930   1   5   3
0   292   2
2   620   2   1   2
1   834   2   4   2
2   790   1   3   2
1   850   2   4   2
2   729   2   10   3
