1   890   1   3   1
1   999   2   6   3
0   237   3
0   331   2
2   664   2   1   3
0   217   3
2   707   2   7   1
2   782   3   1   3
0   359   3
0   202   1
0   255   1
0   252   2
0   321   3
0   269   2
0   227   3
1   827   3   3   1
1   835   1   4   1
2   657   3   4   3
0   272   2
0   356   1
0   292   1
1   990   2   9   2
1   928   2   10   1
2   649   1   8   1
2   664   3   6   1
1   902   1   8   2
1   827   2   9   2
1   943   3   4   1
1   864   1   8   1
0   269   3
2   602   3   1   1
0   224   3
2   739   3   5   2
2   717   1   4   2
1   857   3   8   3
1   836   2   8   1
0   246   1
1   825   2   1   3
1   988   1   7   3
0   338   1
0   375   3
1   936   3   2   3
0   315   1
0   294   1
0   240   1
0   337   3
0   251   3
2   708   3   6   3
1   911   3   8   1
0   228   2
0   210   2
2   640   2   5   3
0   260   2
0   259   2
0   275   1
0   371   1
0   212   3
0   329   3
2   783   2   6   3
1   910   2   4   1
0   298   1
0   346   3
2   631   3   3   3
2   675   1   2   1
0   261   3
0   336   3
0   371   1
1   883   1   7   3
0   256   1
2   767   2   8   1
1   854   2   6   1
0   228   2
2   741   1   5   2
0   206   3
0   216   1
1   935   3   7   3
1   969   2   7   1
0   251   1
1   901   2   10   3
1   806   1   8   2
0   256   2
1   904   2   10   2
2   649   3   1   3
2   622   2   2   1
1   988   3   7   3
0   315   2
2   687   2   7   3
0   239   1
0   386   3
2   733   1   2   2
0   368   1
0   286   2
1   829   1   6   1
0   225   3
0   327   2
1   810   2   6   2
1   897   2   6   3
2   755   2   8   2
0   351   2
0   316   3
