0   225   1
1   926   2   10   3
1   921   3   7   2
0   310   3
2   795   2   2   2
1   945   3   10   3
1   944   1   8   2
2   641   1   6   1
2   683   1   6   3
1   823   1   6   1
1   872   2   1   3
2   694   1   1   3
1   877   3   3   1
2   731   2   2   1
1   916   1   3   2
2   788   3   5   2
0   299   2
0   397   1
1   991   3   6   2
0   392   2
2   605   3   6   3
2   750   3   4   3
0   345   3
1   958   1   7   3
2   675   2   4   2
2   740   2   6   1
0   390   3
0   367   1
1   817   3   8   2
2   762   3   9   2
0   283   1
0   362   1
0   339   1
1   811   2   3   3
1   805   3   7   1
2   699   2   10   2
1   896   1   5   3
0   392   3
1   864   1   5   1
1   959   2   10   3
0   333   2
1   860   3   2   1
2   686   2   9   1
0   240   2
2   773   2   10   3
2   709   2   10   2
1   834   1   1   1
1   816   1   9   3
2   611   3   8   1
1   826   2   1   1
2   683   2   2   2
1   958   1   7   3
0   270   1
2   706   1   5   1
0   283   2
1   831   3   10   1
0   262   2
2   669   1   5   3
0   351   3
1   970   2   5   1
0   230   1
1   967   2   10   2
2   609   2   6   2
0   316   1
1   852   1   8   1
0   327   1
2   747   3   10   3
1   993   3   10   2
1   813   2   7   2
0   354   3
1   949   3   8   3
2   689   1   2   3
0   303   2
2   752   3   2   2
2   730   3   10   3
0   311   3
1   871   3   7   3
1   895   3   2   2
2   719   1   5   3
0   281   1
0   318   1
1   928   3   2   3
2   787   1   8   3
0   306   2
1   934   2   8   3
2   618   2   10   1
1   983   2   10   3
0   285   2
2   663   3   5   2
1   830   1   5   1
1   815   2   1   3
2   750   3   9   1
0   307   3
1   883   3   9   2
2   666   2   9   3
2   759   3   8   3
2   608   2   1   3
0   375   2
1   809   3   4   3
0   352   2
