2   785   1   10   3
1   938   2   3   1
1   949   1   7   3
2   763   3   5   3
2   795   1   4   3
2   665   2   8   1
1   868   3   5   2
2   765   3   6   2
0   314   3
2   762   2   3   2
1   863   2   4   3
0   357   3
0   225   1
1   819   1   3   3
2   678   2   10   3
1   989   2   2   3
0   293   3
0   258   3
1   984   1   10   1
0   267   3
2   642   3   1   1
0   338   2
2   718   1   7   3
0   221   2
0   230   3
1   958   1   6   3
0   281   3
1   902   3   9   3
2   660   2   2   1
0   250   2
1   893   3   10   1
0   371   1
0   280   2
1   981   2   2   1
2   648   2   4   3
0   330   1
2   652   1   5   1
2   737   2   3   2
1   986   1   1   2
0   384   1
2   758   2   3   3
2   629   2   9   2
1   884   2   6   3
1   859   1   8   2
0   229   2
1   879   2   9   3
0   285   3
1   809   1   6   2
0   265   2
2   790   3   1   3
0   337   3
0   312   2
1   845   3   6   3
2   623   1   4   1
1   867   2   3   1
0   280   3
1   902   1   6   3
2   607   3   5   3
2   648   1   7   1
1   809   3   5   1
0   241   3
1   995   1   5   1
0   259   2
0   257   3
1   826   1   8   1
2   799   2   1   1
0   286   1
0   255   2
0   229   3
1   829   2   2   3
0   269   1
2   659   3   4   2
0   295   1
1   903   1   7   2
1   962   1   4   3
0   230   3
2   749   2   9   1
2   656   1   7   3
1   912   3   4   3
0   339   1
0   359   2
1   858   1   5   3
1   843   2   9   2
1   894   3   8   2
2   616   1   3   3
0   373   3
0   360   1
2   685   1   4   1
2   710   1   3   1
0   258   3
0   395   1
1   908   1   8   2
1   908   2   5   3
0   256   2
1   937   1   1   3
1   850   1   6   3
2   600   3   7   2
0   326   2
0   281   3
1   853   1   9   2
